Average Cost	Units	Precision SD	Weight Final	Weight Rem	Stamp Ops	Chisel Ops	Labor Hours	Machine Hours	Cost Metal/Kg	Room Temp	Breakdowns	recipUnits	Breakdown/Unit	Total Metal Cost	SqTempDev	Detail	Rush	Manager	Music	Shift	Plant
34.51	2200	0.5	0.41	1.9246	6	11	0.267	0.033	0.96	73	17	0.00045455	0.00772727	2.241216	4	DETAIL	NONE	LEE	NONE	DAY	OLD
26.09	260	0.1	0.255	0.281	13	6	0.5	0.017	4.15	70	3	0.00384615	0.01153846	2.2244	25	DETAIL	NONE	LEE	NONE	DAY	OLD
34.84	400	0.1	0.44	1.3296	11	10	0.367	0.033	1.33	70	4	0.0025	0.01	2.353568	25	DETAIL	NONE	LEE	NONE	DAY	OLD
38.73	290	0.1	0.23	0.532	13	10	0.417	0.033	3.67	78	3	0.00344828	0.01034483	2.79654	9	DETAIL	NONE	PAT	NONE	DAY	OLD
40.36	130	1	0.37	0.3124	7	5	0.383	0.017	5.5	83.5	0	0.00769231	0	3.7532	72.25	NONE	RUSH	LEE	NONE	NIGHT	OLD
30.55	1300	1	0.285	0.3367	7	6	0.167	0.017	4.85	63	19	0.00076923	0.01461538	3.015245	144	NONE	RUSH	PAT	NONE	NIGHT	OLD
35.96	300	0.1	0.215	0.3354	10	9	0.367	0.017	4.37	74	0	0.00333333	0	2.405248	1	DETAIL	NONE	TERRY	ROCK	DAY	NEW
32.6	120	1	0.39	0.5609	5	7	0.383	0.017	1.42	62	0	0.00833333	0	1.350278	169	NONE	RUSH	RANDY	NONE	DAY	OLD
44.18	250	0.5	0.275	0.1929	8	5	0.333	0.017	5.31	60.5	5	0.004	0.02	2.484549	210.25	NONE	RUSH	PAT	NONE	DAY	OLD
38.39	210	1	0.32	1.8243	18	19	0.483	0.067	1.1	72.5	7	0.0047619	0.03333333	2.35873	6.25	NONE	RUSH	RANDY	NONE	DAY	OLD
44.97	400	0.5	0.29	0.4729	11	9	0.267	0.033	3.57	83.5	3	0.0025	0.0075	2.723553	72.25	NONE	RUSH	RANDY	NONE	DAY	OLD
46.94	120	0.1	0.45	2.2695	12	12	0.75	0.033	0.77	65.5	0	0.00833333	0	2.094015	90.25	DETAIL	NONE	LEE	NONE	DAY	OLD
34.01	290	0.5	0.325	0.5539	16	14	0.4	0.017	4.33	75	0	0.00344828	0	3.805637	0	NONE	RUSH	TERRY	ROCK	DAY	NEW
51.9	190	0.1	0.55	1.032	10	8	0.417	0.033	1.15	70	1	0.00526316	0.00526316	1.8193	25	DETAIL	NONE	LEE	NONE	DAY	OLD
38.44	180	0.1	0.48	1.6524	6	10	0.417	0.033	0.73	88.5	1	0.00555556	0.00555556	1.556652	182.25	DETAIL	NONE	RANDY	NONE	DAY	OLD
33.55	1400	0.5	0.39	0.9344	7	7	0.133	0.017	1.09	73.5	0	0.00071429	0	1.443596	2.25	NONE	RUSH	JEAN	NONE	NIGHT	NEW
42.27	800	0.5	0.325	1.0698	6	9	0.183	0.033	1.13	82.5	5	0.00125	0.00625	1.576124	56.25	NONE	RUSH	LEE	NONE	NIGHT	OLD
49.99	170	0.1	0.255	0.5168	15	13	0.583	0.017	5.05	75	1	0.00588235	0.00588235	3.89759	0	DETAIL	RUSH	TERRY	ROCK	DAY	NEW
91.6	200	0.5	0.325	1.515	12	11	0.367	0.017	0.97	74.5	0	0.005	0	1.7848	0.25	NONE	RUSH	TERRY	POP	DAY	NEW
39.08	180	1	0.395	2.4364	14	14	0.55	0.017	1.26	74	1	0.00555556	0.00555556	3.567564	1	NONE	RUSH	JEAN	NONE	DAY	NEW
54	240	0.5	0.42	2.3163	15	17	0.5	0.05	1.29	78.5	7	0.00416667	0.02916667	3.529827	12.25	NONE	RUSH	LEE	NONE	NIGHT	OLD
31.94	2200	0.1	0.43	0.893	7	5	0.217	0.017	0.86	79.5	17	0.00045455	0.00772727	1.13778	20.25	DETAIL	NONE	LEE	NONE	DAY	OLD
29.16	180	0.5	0.41	2.6626	14	15	0.5	0.05	1	71	1	0.00555556	0.00555556	3.0726	16	DETAIL	NONE	RANDY	NONE	DAY	OLD
51.22	300	0.5	0.325	1.4159	12	14	0.383	0.05	1.21	82.5	9	0.00333333	0.03	2.106489	56.25	DETAIL	NONE	RANDY	NONE	DAY	OLD
61.43	100	0.5	0.265	0.5474	10	14	0.6	0.05	4.24	89	1	0.01	0.01	3.444576	196	DETAIL	NONE	LEE	NONE	DAY	OLD
25.69	2400	0.1	0.4	0.6975	5	5	0.283	0.017	0.95	68.5	10	0.00041667	0.00416667	1.042625	42.25	DETAIL	RUSH	PAT	NONE	DAY	OLD
33.56	140	0.5	0.375	2.3714	14	17	0.55	0.05	0.93	78	0	0.00714286	0	2.554152	9	NONE	RUSH	RANDY	NONE	DAY	OLD
32.92	160	0.1	0.42	1.7327	13	12	0.5	0.033	1.08	74	1	0.00625	0.00625	2.324916	1	DETAIL	NONE	PAT	NONE	DAY	OLD
41.16	300	0.5	0.33	1.5491	13	14	0.417	0.017	0.52	72.5	0	0.00333333	0	0.977132	6.25	NONE	RUSH	TERRY	ROCK	DAY	NEW
39.71	400	0.1	0.33	1.6487	14	11	0.4	0.017	0.74	74.5	1	0.0025	0.0025	1.464238	0.25	DETAIL	NONE	JEAN	POP	DAY	NEW
42.05	140	0.5	0.36	2.3931	16	18	0.533	0.033	0.76	75.5	1	0.00714286	0.00714286	2.092356	0.25	NONE	RUSH	JEAN	JAZZ	DAY	NEW
47.52	110	0.5	0.375	2.1485	16	18	0.533	0.033	0.96	74.5	0	0.00909091	0	2.42256	0.25	NONE	RUSH	JEAN	ROCK	NIGHT	NEW
43.43	270	0.5	0.4	1.5141	6	10	0.25	0.033	1.18	70	2	0.0037037	0.00740741	2.258638	25	NONE	RUSH	RANDY	NONE	DAY	OLD
55.68	230	1	0.41	3.663	16	20	0.55	0.067	1.04	61	5	0.00434783	0.02173913	4.23592	196	NONE	RUSH	LEE	NONE	NIGHT	OLD
31.44	1200	0.1	0.38	0.8668	6	9	0.283	0.017	1.06	76	0	0.00083333	0	1.321608	1	DETAIL	NONE	TERRY	POP	DAY	NEW
36.43	300	0.5	0.43	2.0183	6	10	0.283	0.033	1.49	83	5	0.00333333	0.01666667	3.647967	64	NONE	RUSH	PAT	NONE	DAY	OLD
37.01	260	1	0.49	1.4493	8	8	0.3	0.017	0.62	72.5	0	0.00384615	0	1.202366	6.25	NONE	RUSH	JEAN	JAZZ	NIGHT	NEW
42.23	170	0.5	0.45	1.7666	17	16	0.5	0.05	1.04	70.5	0	0.00588235	0	2.305264	20.25	NONE	RUSH	RANDY	NONE	DAY	OLD
44.9	120	1	0.365	1.9185	16	15	0.533	0.05	1.01	68	1	0.00833333	0.00833333	2.306335	49	NONE	RUSH	PAT	NONE	NIGHT	OLD
29.8	2000	0.1	0.335	1.7531	11	14	0.383	0.05	0.75	81	15	0.0005	0.0075	1.566075	36	DETAIL	NONE	PAT	NONE	DAY	OLD
24.52	140	0.5	0.375	1.3193	13	11	0.55	0.033	1.17	75.5	0	0.00714286	0	1.982331	0.25	NONE	RUSH	RANDY	NONE	DAY	OLD
32.42	280	1	0.33	1.1773	6	9	0.217	0.033	0.88	75	6	0.00357143	0.02142857	1.326424	0	NONE	RUSH	PAT	NONE	NIGHT	OLD
25.33	600	1	0.245	0.3218	16	9	0.333	0.033	3.49	64.5	2	0.00166667	0.00333333	1.978132	110.25	NONE	RUSH	LEE	NONE	NIGHT	OLD
27.5	250	0.1	0.47	1.1865	8	7	0.35	0.017	1.09	74.5	1	0.004	0.004	1.805585	0.25	DETAIL	NONE	TERRY	POP	DAY	NEW
46.32	600	0.5	0.305	0.5862	14	10	0.35	0.017	4.56	74.5	0	0.00166667	0	4.063872	0.25	NONE	RUSH	TERRY	ROCK	DAY	NEW
40.69	190	0.1	0.35	0.9014	8	9	0.417	0.017	0.99	75	1	0.00526316	0.00526316	1.238886	0	DETAIL	NONE	JEAN	POP	DAY	NEW
51.04	120	0.1	0.36	1.3648	9	12	0.5	0.033	1.24	59.5	0	0.00833333	0	2.138752	240.25	DETAIL	NONE	RANDY	NONE	DAY	OLD
40.13	200	0.1	0.385	1.2324	11	9	0.517	0.017	0.82	74.5	0	0.005	0	1.326268	0.25	DETAIL	NONE	TERRY	POP	DAY	NEW
40.09	600	0.1	0.295	0.4207	9	7	0.317	0.017	4.35	74	0	0.00166667	0	3.113295	1	DETAIL	NONE	TERRY	POP	DAY	NEW
24.55	2700	0.1	0.325	0.916	8	9	0.25	0.017	0.88	76.5	0	0.00037037	0	1.09208	2.25	DETAIL	NONE	JEAN	POP	DAY	NEW
40.85	1700	0.1	0.32	0.8557	13	12	0.317	0.017	5.58	73	3	0.00058824	0.00176471	6.560406	4	DETAIL	NONE	JEAN	NONE	DAY	NEW
48.08	250	0.1	0.385	1.2808	9	12	0.367	0.033	1.07	74.5	9	0.004	0.036	1.782406	0.25	DETAIL	NONE	RANDY	NONE	DAY	OLD
45.45	300	0.5	0.345	1.6632	12	15	0.433	0.05	1.04	70	7	0.00333333	0.02333333	2.088528	25	DETAIL	NONE	PAT	NONE	DAY	OLD
46.32	130	0.5	0.46	1.3343	12	8	0.467	0.017	0.78	74.5	0	0.00769231	0	1.399554	0.25	NONE	RUSH	JEAN	NONE	DAY	NEW
49.55	170	0.1	0.31	0.8192	12	13	0.483	0.05	5.85	71.5	1	0.00588235	0.00588235	6.60582	12.25	DETAIL	NONE	LEE	NONE	DAY	OLD
40.28	190	0.1	0.315	0.3561	8	7	0.417	0.017	5.65	72	0	0.00526316	0	3.791715	9	DETAIL	NONE	PAT	NONE	DAY	OLD
24.55	210	0.5	0.37	1.8594	12	14	0.45	0.017	1.24	74.5	0	0.0047619	0	2.764456	0.25	NONE	RUSH	TERRY	ROCK	DAY	NEW
52.93	700	0.1	0.345	1.2698	12	12	0.483	0.033	1.13	68.5	8	0.00142857	0.01142857	1.824724	42.25	DETAIL	NONE	LEE	NONE	DAY	OLD
47.91	210	0.1	0.49	2.8819	17	19	0.55	0.067	0.57	83	1	0.0047619	0.0047619	1.921983	64	DETAIL	NONE	RANDY	NONE	DAY	OLD
38.02	200	0.5	0.365	1.279	8	11	0.283	0.017	0.9	75.5	0	0.005	0	1.4796	0.25	NONE	RUSH	TERRY	JAZZ	DAY	NEW
46.8	180	0.1	0.395	1.816	15	13	0.65	0.05	0.79	90.5	0	0.00555556	0	1.74669	240.25	DETAIL	NONE	PAT	NONE	DAY	OLD
35.46	150	0.5	0.47	1.127	7	8	0.45	0.033	0.98	73.5	0	0.00666667	0	1.56506	2.25	DETAIL	NONE	LEE	NONE	DAY	OLD
25.2	700	0.1	0.37	1.4692	13	14	0.367	0.05	0.76	72.5	6	0.00142857	0.00857143	1.397792	6.25	DETAIL	NONE	PAT	NONE	DAY	OLD
39.54	150	0.1	0.42	0.9096	6	7	0.417	0.017	0.87	75.5	0	0.00666667	0	1.156752	0.25	DETAIL	NONE	JEAN	ROCK	DAY	NEW
50.14	180	0.1	0.49	0.9171	7	7	0.5	0.017	0.63	74	1	0.00555556	0.00555556	0.886473	1	DETAIL	NONE	JEAN	JAZZ	DAY	NEW
33.81	300	0.5	0.27	0.7197	13	16	0.333	0.05	3.98	71	2	0.00333333	0.00666667	3.939006	16	NONE	RUSH	PAT	NONE	DAY	OLD
43.01	130	0.5	0.35	1.4691	10	12	0.5	0.033	0.87	67	2	0.00769231	0.01538462	1.582617	64	DETAIL	NONE	PAT	NONE	DAY	OLD
32.36	1200	1	0.295	0.3017	11	10	0.3	0.017	4.47	76	1	0.00083333	0.00083333	2.667249	1	NONE	RUSH	JEAN	POP	NIGHT	NEW
39.36	120	0.5	0.41	0.6904	7	5	0.55	0.017	0.82	73	0	0.00833333	0	0.902328	4	DETAIL	NONE	LEE	NONE	DAY	OLD
56.22	100	0.5	0.33	0.8141	17	17	0.617	0.05	5.3	72	1	0.01	0.01	6.06373	9	NONE	RUSH	PAT	NONE	DAY	OLD
36.47	120	1	0.37	2.1811	16	18	0.533	0.067	0.79	69.5	0	0.00833333	0	2.015369	30.25	NONE	NONE	RANDY	NONE	DAY	OLD
31.62	150	0.5	0.44	1.047	8	10	0.35	0.033	0.86	77.5	2	0.00666667	0.01333333	1.27882	6.25	NONE	RUSH	LEE	NONE	NIGHT	OLD
38.15	190	0.1	0.43	2.3943	14	16	0.567	0.05	1.34	61.5	0	0.00526316	0	3.784562	182.25	DETAIL	NONE	RANDY	NONE	DAY	OLD
40.66	150	0.5	0.44	2.064	13	17	0.467	0.033	1.31	74.5	0	0.00666667	0	3.28024	0.25	NONE	RUSH	JEAN	JAZZ	NIGHT	NEW
29.77	1200	1	0.355	1.0226	11	9	0.283	0.033	0.76	77.5	12	0.00083333	0.01	1.046976	6.25	NONE	RUSH	RANDY	NONE	DAY	OLD
38	150	0.5	0.29	0.3607	9	7	0.35	0.017	3.29	83	1	0.00666667	0.00666667	2.140803	64	NONE	RUSH	LEE	NONE	DAY	OLD
40.86	300	0.5	0.3	0.6828	6	8	0.283	0.017	1.77	77	0	0.00333333	0	1.739556	4	DETAIL	NONE	TERRY	NONE	DAY	NEW
35.43	300	0.5	0.45	1.7839	16	15	0.383	0.033	0.85	74.5	0	0.00333333	0	1.898815	0.25	NONE	NONE	JEAN	POP	DAY	NEW
32.86	400	0.5	0.335	1.0539	11	9	0.35	0.033	1.54	75.5	6	0.0025	0.015	2.138906	0.25	NONE	RUSH	RANDY	NONE	DAY	OLD
36.27	150	0.5	0.35	1.4629	8	11	0.433	0.017	0.62	76.5	0	0.00666667	0	1.123998	2.25	DETAIL	NONE	TERRY	JAZZ	DAY	NEW
31.09	800	0.1	0.48	1.9309	10	10	0.3	0.033	0.93	74	8	0.00125	0.01	2.242137	1	DETAIL	NONE	LEE	NONE	DAY	OLD
64.52	230	0.1	0.29	0.4574	13	10	0.45	0.033	6.89	80.5	5	0.00434783	0.02173913	5.149586	30.25	DETAIL	NONE	RANDY	NONE	DAY	OLD
44.25	110	1	0.375	0.7153	8	4	0.433	0.017	0.94	77	0	0.00909091	0	1.024882	4	NONE	RUSH	LEE	NONE	DAY	OLD
49.66	150	0.1	0.38	1.0702	8	9	0.517	0.017	1.43	74.5	1	0.00666667	0.00666667	2.073786	0.25	DETAIL	NONE	TERRY	ROCK	DAY	NEW
26.71	180	0.5	0.315	0.877	8	9	0.383	0.033	1.2	88	1	0.00555556	0.00555556	1.4304	169	NONE	RUSH	RANDY	NONE	DAY	OLD
40.37	400	0.1	0.325	0.9299	11	13	0.383	0.05	1.02	66.5	4	0.0025	0.01	1.279998	72.25	DETAIL	NONE	PAT	NONE	DAY	OLD
33.83	130	0.5	0.53	1.4935	11	12	0.417	0.033	1.25	79	0	0.00769231	0	2.529375	16	NONE	RUSH	LEE	NONE	NIGHT	OLD
57.42	120	1	0.325	0.4975	12	9	0.567	0.017	5.32	74.5	0	0.00833333	0	4.3757	0.25	NONE	RUSH	JEAN	ROCK	NIGHT	NEW
37.34	1200	0.5	0.4	0.5639	11	7	0.267	0.033	6.84	69	15	0.00083333	0.0125	6.593076	36	NONE	RUSH	RANDY	NONE	DAY	OLD
47.18	110	0.1	0.47	2.0146	9	10	0.6	0.033	1.21	80.5	2	0.00909091	0.01818182	3.006366	30.25	DETAIL	NONE	RANDY	NONE	DAY	OLD
61.16	220	0.5	0.36	0.6465	9	12	0.417	0.033	4.15	87	7	0.00454545	0.03181818	4.176975	144	NONE	RUSH	LEE	NONE	DAY	OLD
55.5	230	0.1	0.5	2.8041	12	15	0.433	0.05	1.09	75	5	0.00434783	0.02173913	3.601469	0	DETAIL	NONE	LEE	NONE	DAY	OLD
48.89	110	0.5	0.345	0.9406	8	10	0.5	0.017	1.27	74.5	0	0.00909091	0	1.632712	0.25	DETAIL	NONE	TERRY	POP	DAY	NEW
88.28	24	1	0.43	1.4629	10	10	1.533	0.033	1.04	68.5	0	0.04166667	0	1.968616	42.25	NONE	RUSH	RANDY	NONE	DAY	OLD
32.23	300	0.5	0.35	1.4184	7	11	0.3	0.017	0.6	74.5	0	0.00333333	0	1.06104	0.25	DETAIL	NONE	TERRY	POP	DAY	NEW
24.44	200	0.1	0.47	2.7536	10	14	0.483	0.05	0.77	74.5	1	0.005	0.005	2.482172	0.25	DETAIL	NONE	PAT	NONE	DAY	OLD
53.71	1000	1	0.33	0.4713	8	7	0.283	0.017	7.2	87.5	4	0.001	0.004	5.76936	156.25	NONE	NONE	RANDY	NONE	DAY	OLD
39.57	170	0.1	0.345	0.7012	9	8	0.467	0.033	1.1	64	0	0.00588235	0	1.15082	121	DETAIL	NONE	LEE	NONE	DAY	OLD
46.58	130	1	0.46	1.9399	12	14	0.45	0.05	0.66	84.5	3	0.00769231	0.02307692	1.583934	90.25	NONE	RUSH	LEE	NONE	NIGHT	OLD
46.27	110	0.5	0.3	0.3255	13	9	0.567	0.017	4.78	75	1	0.00909091	0.00909091	2.98989	0	DETAIL	NONE	JEAN	NONE	DAY	NEW
27.84	190	0.5	0.38	1.0643	7	10	0.383	0.017	0.98	75	0	0.00526316	0	1.415414	0	DETAIL	RUSH	TERRY	JAZZ	DAY	NEW
37.03	600	0.5	0.41	1.2472	5	8	0.3	0.033	0.98	72.5	5	0.00166667	0.00833333	1.624056	6.25	DETAIL	NONE	PAT	NONE	DAY	OLD
20.95	500	0.5	0.375	0.8822	5	6	0.167	0.017	0.91	75.5	0	0.002	0	1.144052	0.25	NONE	RUSH	TERRY	ROCK	DAY	NEW
38.54	300	0.5	0.365	1.5305	11	13	0.383	0.017	1.24	75	0	0.00333333	0	2.35042	0	DETAIL	NONE	JEAN	POP	DAY	NEW
44.8	160	0.5	0.46	1.5683	8	9	0.333	0.017	0.62	76	1	0.00625	0.00625	1.257546	1	NONE	RUSH	TERRY	ROCK	DAY	NEW
53.91	190	0.5	0.41	1.0663	14	12	0.4	0.033	0.62	98	1	0.00526316	0.00526316	0.915306	529	NONE	NONE	RANDY	NONE	DAY	OLD
29.1	180	0.5	0.47	1.8392	10	11	0.35	0.033	1.07	76	0	0.00555556	0	2.470844	1	NONE	RUSH	LEE	NONE	NIGHT	OLD
40.41	170	0.5	0.47	1.7287	10	11	0.45	0.017	1.1	75	0	0.00588235	0	2.41857	0	DETAIL	NONE	JEAN	ROCK	DAY	NEW
53.65	300	0.1	0.335	1.8011	14	14	0.583	0.05	1.11	80.5	3	0.00333333	0.01	2.371071	30.25	DETAIL	NONE	PAT	NONE	DAY	OLD
28.89	270	0.1	0.23	0.2216	11	5	0.433	0.017	4.96	75.5	0	0.0037037	0	2.239936	0.25	DETAIL	NONE	JEAN	NONE	DAY	NEW
54.06	160	0.5	0.45	2.1017	15	16	0.483	0.05	0.63	87.5	2	0.00625	0.0125	1.607571	156.25	NONE	RUSH	LEE	NONE	NIGHT	OLD
34.38	180	0.5	0.3	2.412	19	18	0.567	0.067	1.13	87	0	0.00555556	0	3.06456	144	DETAIL	NONE	PAT	NONE	DAY	OLD
39.24	150	0.5	0.47	1.3004	8	7	0.5	0.017	1.04	66	0	0.00666667	0	1.841216	81	DETAIL	NONE	LEE	NONE	DAY	OLD
35.33	400	0.1	0.34	1.8071	12	15	0.383	0.05	1.21	82	7	0.0025	0.0175	2.597991	49	DETAIL	NONE	RANDY	NONE	DAY	OLD
28.16	180	1	0.335	1.745	12	12	0.417	0.033	1.06	66.5	0	0.00555556	0	2.2048	72.25	NONE	RUSH	LEE	NONE	NIGHT	OLD
33	1100	1	0.46	1.1754	9	9	0.233	0.017	1.38	75.5	0	0.00090909	0	2.256852	0.25	NONE	RUSH	JEAN	ROCK	NIGHT	NEW
38.13	400	1	0.355	1.2731	9	10	0.233	0.017	0.88	77	0	0.0025	0	1.432728	4	NONE	RUSH	JEAN	POP	NIGHT	NEW
42.41	180	0.1	0.29	0.2295	9	6	0.433	0.017	4.25	75	1	0.00555556	0.00555556	2.207875	0	DETAIL	RUSH	JEAN	ROCK	DAY	NEW
25.65	190	0.5	0.36	1.0617	12	11	0.383	0.017	1.14	75.5	0	0.00526316	0	1.620738	0.25	NONE	RUSH	TERRY	JAZZ	DAY	NEW
49.62	190	0.5	0.42	1.945	10	12	0.483	0.033	0.76	88	0	0.00526316	0	1.7974	169	DETAIL	NONE	LEE	NONE	DAY	OLD
44.12	400	0.1	0.295	0.6509	10	10	0.35	0.033	4.76	81.5	3	0.0025	0.0075	4.502484	42.25	DETAIL	NONE	PAT	NONE	DAY	OLD
36.16	500	0.5	0.335	1.246	9	11	0.233	0.017	1.01	75	2	0.002	0.004	1.59681	0	NONE	RUSH	JEAN	POP	DAY	NEW
49.07	210	0.5	0.44	1.2824	11	11	0.6	0.033	1.15	70.5	8	0.0047619	0.03809524	1.98076	20.25	NONE	RUSH	PAT	NONE	NIGHT	OLD
39.56	900	0.1	0.48	4.0024	15	16	0.383	0.05	1.06	81.5	2	0.00111111	0.00222222	4.751344	42.25	DETAIL	RUSH	PAT	NONE	NIGHT	OLD
32.89	800	0.5	0.24	0.2581	7	5	0.167	0.017	4.08	73.5	7	0.00125	0.00875	2.032248	2.25	NONE	RUSH	PAT	NONE	DAY	OLD
38.05	160	0.5	0.34	1.4408	9	9	0.433	0.033	0.86	77.5	0	0.00625	0	1.531488	6.25	DETAIL	NONE	RANDY	NONE	DAY	OLD
48.35	120	0.5	0.31	1.3927	13	15	0.7	0.05	0.71	63	0	0.00833333	0	1.208917	144	NONE	RUSH	RANDY	NONE	DAY	OLD
26.2	500	0.1	0.4	0.8727	6	7	0.3	0.017	0.87	76	7	0.002	0.014	1.107249	1	DETAIL	NONE	PAT	NONE	DAY	OLD
41.82	190	0.1	0.335	0.3777	11	8	0.45	0.033	5.03	62	2	0.00526316	0.01052632	3.584881	169	DETAIL	NONE	PAT	NONE	DAY	OLD
47.21	130	0.1	0.46	3.0511	17	20	0.6	0.033	0.55	75.5	0	0.00769231	0	1.931105	0.25	DETAIL	NONE	JEAN	ROCK	DAY	NEW
38.36	250	0.1	0.4	1.3525	15	14	0.517	0.017	1.18	76	0	0.004	0	2.06795	1	DETAIL	NONE	TERRY	ROCK	DAY	NEW
53.59	110	0.1	0.48	1.6545	14	15	0.633	0.05	0.87	79	2	0.00909091	0.01818182	1.857015	16	DETAIL	NONE	RANDY	NONE	DAY	OLD
46.13	200	0.1	0.365	0.9568	6	9	0.35	0.017	1.15	74	2	0.005	0.01	1.52007	1	DETAIL	NONE	JEAN	ROCK	DAY	NEW
61.79	1700	1	0.37	1.2784	19	21	0.367	0.067	4.56	85	14	0.00058824	0.00823529	7.516704	100	NONE	RUSH	PAT	NONE	DAY	OLD
43.39	400	0.5	0.44	1.283	13	13	0.317	0.05	1.77	82	5	0.0025	0.0125	3.04971	49	NONE	RUSH	PAT	NONE	NIGHT	OLD
43.17	100	0.5	0.365	2.7977	15	22	0.65	0.033	1.31	74.5	0	0.01	0	4.143137	0.25	DETAIL	RUSH	JEAN	POP	DAY	NEW
24.27	1000	0.5	0.43	1.5955	10	11	0.2	0.033	1.13	62.5	8	0.001	0.008	2.288815	156.25	NONE	RUSH	LEE	NONE	NIGHT	OLD
28.98	1600	0.1	0.36	1.189	10	12	0.3	0.033	1.76	73.5	16	0.000625	0.01	2.72624	2.25	DETAIL	NONE	PAT	NONE	DAY	OLD
47.76	180	0.5	0.42	2.013	10	17	0.35	0.033	0.59	75	0	0.00555556	0	1.43547	0	NONE	RUSH	JEAN	JAZZ	NIGHT	NEW
35.55	220	0.5	0.39	0.6059	12	11	0.367	0.033	3.39	78	6	0.00454545	0.02727273	3.376101	9	NONE	RUSH	LEE	NONE	DAY	OLD
48.43	110	0.1	0.42	1.3601	7	7	0.533	0.017	1.47	75	0	0.00909091	0	2.616747	0	DETAIL	NONE	JEAN	ROCK	DAY	NEW
46.33	110	0.1	0.325	1.0595	8	9	0.517	0.033	1.25	69	0	0.00909091	0	1.730625	36	DETAIL	NONE	RANDY	NONE	DAY	OLD
46.09	200	0.1	0.27	0.4271	13	8	0.533	0.033	3.85	80.5	1	0.005	0.005	2.683835	30.25	DETAIL	NONE	PAT	NONE	DAY	OLD
24.73	210	0.5	0.36	1.6011	12	14	0.367	0.05	1.13	77	4	0.0047619	0.01904762	2.216043	4	NONE	RUSH	PAT	NONE	DAY	OLD
39.49	110	0.1	0.34	0.6241	7	5	0.483	0.017	1	75	1	0.00909091	0.00909091	0.9641	0	DETAIL	NONE	JEAN	ROCK	DAY	NEW
48.9	210	1	0.325	1.2152	10	13	0.55	0.05	1.18	63.5	3	0.0047619	0.01428571	1.817436	132.25	NONE	RUSH	PAT	NONE	NIGHT	OLD
38.54	260	0.5	0.365	0.8901	6	7	0.383	0.017	0.77	67	6	0.00384615	0.02307692	0.966427	64	DETAIL	NONE	PAT	NONE	DAY	OLD
48.83	110	0.5	0.5	3.6012	14	18	0.517	0.033	0.98	74.5	0	0.00909091	0	4.019176	0.25	NONE	RUSH	TERRY	JAZZ	DAY	NEW
27.83	290	0.5	0.42	1.0449	6	8	0.3	0.033	0.85	82.5	3	0.00344828	0.01034483	1.245165	56.25	DETAIL	NONE	RANDY	NONE	DAY	OLD
31.57	500	0.5	0.32	1.1492	8	11	0.2	0.033	1.46	84	8	0.002	0.016	2.145032	81	NONE	RUSH	PAT	NONE	NIGHT	OLD
49.53	110	0.1	0.335	0.6423	10	6	0.55	0.017	1.39	75.5	2	0.00909091	0.01818182	1.358447	0.25	DETAIL	NONE	RANDY	NONE	DAY	OLD
35.81	140	1	0.265	0.2736	8	6	0.483	0.017	4.86	75.5	0	0.00714286	0	2.617596	0.25	NONE	RUSH	JEAN	JAZZ	NIGHT	NEW
29.28	180	0.1	0.33	1.2731	8	9	0.45	0.017	0.74	77	0	0.00555556	0	1.186294	4	DETAIL	RUSH	TERRY	POP	DAY	NEW
31.08	190	0.1	0.33	1.0228	13	12	0.467	0.017	0.91	76	0	0.00526316	0	1.231048	1	DETAIL	NONE	JEAN	ROCK	DAY	NEW
28.28	170	0.5	0.33	0.8259	5	6	0.267	0.017	0.77	62.5	0	0.00588235	0	0.890043	156.25	NONE	RUSH	RANDY	NONE	DAY	OLD
41.91	130	0.1	0.41	1.154	10	10	0.517	0.017	1.12	75	0	0.00769231	0	1.75168	0	DETAIL	NONE	JEAN	ROCK	DAY	NEW
45.52	110	0.1	0.395	0.8835	9	9	0.55	0.017	0.56	73	0	0.00909091	0	0.71596	4	DETAIL	RUSH	TERRY	POP	DAY	NEW
31.21	110	0.5	0.43	1.4877	10	11	0.583	0.033	0.95	81.5	0	0.00909091	0	1.821815	42.25	NONE	RUSH	RANDY	NONE	DAY	OLD
56.43	130	0.5	0.51	1.5147	13	10	0.617	0.033	1.21	56.5	0	0.00769231	0	2.449887	342.25	NONE	RUSH	RANDY	NONE	DAY	OLD
33.21	130	0.5	0.395	0.5763	8	5	0.433	0.017	0.88	68.5	1	0.00769231	0.00769231	0.854744	42.25	NONE	RUSH	RANDY	NONE	DAY	OLD
57.65	180	0.5	0.26	0.6918	12	13	0.367	0.017	4.42	75.5	0	0.00555556	0	4.206956	0.25	NONE	RUSH	JEAN	POP	NIGHT	NEW
34.39	190	0.5	0.55	1.5255	7	8	0.383	0.033	0.84	71.5	1	0.00526316	0.00526316	1.74342	12.25	NONE	RUSH	PAT	NONE	DAY	OLD
31.35	700	0.5	0.345	1.1579	8	10	0.267	0.033	0.93	76	4	0.00142857	0.00571429	1.397697	1	DETAIL	NONE	PAT	NONE	DAY	OLD
40.48	140	1	0.41	0.661	13	12	0.583	0.017	4.18	75	0	0.00714286	0	4.47678	0	NONE	RUSH	JEAN	ROCK	NIGHT	NEW
53.68	120	0.5	0.36	0.4542	13	9	0.583	0.033	4.03	76	0	0.00833333	0	3.281226	1	DETAIL	NONE	RANDY	NONE	DAY	OLD
40.2	1400	1	0.52	2.2657	12	12	0.217	0.033	1.07	68.5	23	0.00071429	0.01642857	2.980699	42.25	NONE	RUSH	RANDY	NONE	DAY	OLD
22.5	1800	1	0.5	2.2643	12	12	0.267	0.033	1.2	77.5	15	0.00055556	0.00833333	3.31716	6.25	NONE	RUSH	PAT	NONE	NIGHT	OLD
34.88	160	0.1	0.325	0.6171	6	7	0.383	0.017	1.29	79	0	0.00625	0	1.215309	16	DETAIL	NONE	LEE	NONE	DAY	OLD
37.33	600	0.1	0.28	0.3931	11	10	0.317	0.017	4.96	74.5	0	0.00166667	0	3.338576	0.25	DETAIL	NONE	TERRY	ROCK	DAY	NEW
37.2	240	1	0.32	0.6009	7	5	0.25	0.017	1.52	65.5	6	0.00416667	0.025	1.399768	90.25	NONE	RUSH	LEE	NONE	DAY	OLD
34	290	0.1	0.37	1.5174	8	10	0.367	0.017	1.15	74.5	0	0.00344828	0	2.17051	0.25	DETAIL	NONE	TERRY	ROCK	DAY	NEW
35.34	800	0.5	0.41	1.4967	12	14	0.333	0.05	0.8	69.5	3	0.00125	0.00375	1.52536	30.25	NONE	RUSH	LEE	NONE	DAY	OLD
36.88	170	0.5	0.43	2.3693	7	12	0.317	0.033	0.95	73.5	1	0.00588235	0.00588235	2.659335	2.25	NONE	RUSH	RANDY	NONE	DAY	OLD
23.75	600	0.5	0.4	1.7688	14	14	0.333	0.017	1.05	76.5	0	0.00166667	0	2.27724	2.25	NONE	RUSH	JEAN	POP	NIGHT	NEW
39.03	180	0.5	0.3	1.0849	10	14	0.417	0.05	1.37	82.5	0	0.00555556	0	1.897313	56.25	NONE	RUSH	PAT	NONE	DAY	OLD
40.34	110	0.1	0.265	0.1364	7	5	0.467	0.017	4.43	73.5	0	0.00909091	0	1.778202	2.25	DETAIL	NONE	LEE	NONE	DAY	OLD
36.97	600	0.5	0.45	2.2326	12	13	0.467	0.05	0.74	81.5	7	0.00166667	0.01166667	1.985124	42.25	NONE	RUSH	PAT	NONE	NIGHT	OLD
42.09	130	0.5	0.32	1.1782	8	8	0.4	0.033	1.7	80.5	1	0.00769231	0.00769231	2.54694	30.25	NONE	RUSH	RANDY	NONE	DAY	OLD
26.46	300	0.5	0.56	1.4353	7	6	0.317	0.017	1	74.5	1	0.00333333	0.00333333	1.9953	0.25	DETAIL	NONE	JEAN	ROCK	DAY	NEW
38.01	160	0.1	0.62	3.0843	11	13	0.467	0.05	0.82	81.5	2	0.00625	0.0125	3.037526	42.25	DETAIL	NONE	LEE	NONE	DAY	OLD
28.5	300	1	0.29	0.2668	9	7	0.267	0.017	3.19	75.5	7	0.00333333	0.02333333	1.776192	0.25	NONE	RUSH	LEE	NONE	NIGHT	OLD
40.05	130	0.1	0.33	0.0495	5	1	0.4	0	4.01	88.5	0	0.00769231	0	1.521795	182.25	DETAIL	RUSH	LEE	NONE	NIGHT	OLD
24.8	600	1	0.48	0.8343	5	6	0.167	0.017	1.04	75	4	0.00166667	0.00666667	1.366872	0	NONE	RUSH	RANDY	NONE	DAY	OLD
33.59	160	0.5	0.33	0.9375	11	13	0.483	0.05	0.96	65.5	0	0.00625	0	1.2168	90.25	NONE	RUSH	LEE	NONE	NIGHT	OLD
37.29	500	0.5	0.49	1.6849	12	11	0.4	0.017	0.66	76.5	1	0.002	0.002	1.435434	2.25	DETAIL	NONE	JEAN	ROCK	DAY	NEW
34.39	120	0.5	0.33	0.8794	7	10	0.45	0.017	1.35	76	0	0.00833333	0	1.63269	1	NONE	NONE	TERRY	ROCK	DAY	NEW
43.19	100	0.5	0.295	0.4591	14	9	0.55	0.033	5.19	71	0	0.01	0	3.913779	16	NONE	RUSH	LEE	NONE	NIGHT	OLD
30.37	400	0.5	0.43	0.5915	7	5	0.3	0.017	1.02	74	0	0.0025	0	1.04193	1	DETAIL	NONE	TERRY	NONE	DAY	NEW
47.85	150	0.1	0.53	3.151	12	13	0.517	0.05	0.93	64	1	0.00666667	0.00666667	3.42333	121	DETAIL	NONE	PAT	NONE	DAY	OLD
35.14	300	0.5	0.395	2.1504	10	15	0.367	0.017	0.98	74	3	0.00333333	0.01	2.494492	1	DETAIL	NONE	JEAN	JAZZ	DAY	NEW
38.81	500	0.1	0.45	1.5091	11	10	0.333	0.017	1.41	75	0	0.002	0	2.762331	0	DETAIL	NONE	JEAN	ROCK	DAY	NEW
43.56	110	0.5	0.375	0.7941	13	9	0.5	0.017	2.74	74	0	0.00909091	0	3.203334	1	NONE	RUSH	TERRY	POP	DAY	NEW
43.21	300	0.1	0.215	0.5595	21	18	0.533	0.067	3.7	70.5	4	0.00333333	0.01333333	2.86565	20.25	DETAIL	NONE	PAT	NONE	DAY	OLD
48.97	110	0.1	0.4	1.4467	14	12	0.583	0.017	1.04	75.5	1	0.00909091	0.00909091	1.920568	0.25	DETAIL	NONE	TERRY	POP	DAY	NEW
42.47	130	0.5	0.41	1.0159	6	7	0.367	0.017	0.9	93	0	0.00769231	0	1.28331	324	NONE	RUSH	RANDY	NONE	DAY	OLD
41.4	180	0.1	0.395	2.223	17	19	0.55	0.067	1.24	70	0	0.00555556	0	3.24632	25	DETAIL	NONE	LEE	NONE	DAY	OLD
39.86	100	0.1	0.32	1.8779	8	12	0.533	0.033	1.44	72	0	0.01	0	3.164976	9	DETAIL	NONE	LEE	NONE	DAY	OLD
47.39	120	1	0.41	2.9865	18	17	0.567	0.05	0.69	61.5	1	0.00833333	0.00833333	2.343585	182.25	NONE	RUSH	RANDY	NONE	DAY	OLD
