書名	銷售量	統計年份	漫畫類別	畫風	作家性別	同作者代表作	出版社	連載刊物	連載頻率	目標客群	戰鬥元素	動畫化	當季動畫	真人化	這本漫畫真厲害	店員推薦	雜誌發行量	CP值	已銷售月份長度	腐度	同人創作熱度
黑子的籃球 20	884432	2013	熱血冒險	白描派	0	0	集英社	週刊少年JUMP	0	少年	0	1	0	0	0	1	290	0.428240741	11	17824	252853
黑子的籃球 21	840542	2013	熱血冒險	白描派	0	0	集英社	週刊少年JUMP	0	少年	0	1	0	0	0	1	290	0.430555556	9	17824	252853
黑子的籃球 22	811519	2013	熱血冒險	白描派	0	0	集英社	週刊少年JUMP	0	少年	0	1	0	0	0	1	290	0.428240741	6	17824	252853
黑子的籃球 23	698273	2013	熱血冒險	白描派	0	0	集英社	週刊少年JUMP	0	少年	0	1	0	0	0	1	290	0.4375	3	17824	252853
黑子的籃球 24	667540	2013	熱血冒險	白描派	0	0	集英社	週刊少年JUMP	0	少年	0	1	0	0	0	1	290	0.474537037	1	17824	252853
黑子的籃球 18	601825	2012	熱血冒險	白描派	0	0	集英社	週刊少年JUMP	0	少年	0	1	1	0	0	1	290	0.451388889	4	17824	252853
黑子的籃球 17	599938	2012	熱血冒險	白描派	0	0	集英社	週刊少年JUMP	0	少年	0	1	1	0	0	1	290	0.416666667	7	17824	252853
黑子的籃球 15	599566	2012	熱血冒險	白描派	0	0	集英社	週刊少年JUMP	0	少年	0	1	1	0	0	1	290	0.416666667	11	17824	252853
黑子的籃球 19	587550	2012	熱血冒險	白描派	0	0	集英社	週刊少年JUMP	0	少年	0	1	1	0	0	1	290	0.425925926	2	17824	252853
黑子的籃球 16	582307	2012	熱血冒險	白描派	0	0	集英社	週刊少年JUMP	0	少年	0	1	1	0	0	1	290	0.435185185	8	17824	252853
銀魂 26	592537	2009	日常輕鬆	簡單派	0	0	集英社	週刊少年JUMP	0	少年	1	1	1	0	0	0	290	0.5	11	10863	152290
銀魂 27	587464	2009	日常輕鬆	簡單派	0	0	集英社	週刊少年JUMP	0	少年	1	1	1	0	0	0	290	0.412037037	9	10863	152290
銀魂 28	561582	2009	日常輕鬆	簡單派	0	0	集英社	週刊少年JUMP	0	少年	1	1	1	0	0	0	290	0.439814815	7	10863	152290
銀魂 24	524031	2008	日常輕鬆	簡單派	0	0	集英社	週刊少年JUMP	0	少年	1	1	1	0	0	0	290	0.294536817	4	10863	152290
銀魂 29	511070	2009	日常輕鬆	簡單派	0	0	集英社	週刊少年JUMP	0	少年	1	1	1	0	0	0	290	0.439814815	4	10863	152290
銀魂 23	485816	2008	日常輕鬆	簡單派	0	0	集英社	週刊少年JUMP	0	少年	1	1	1	0	0	0	290	0.244655582	7	10863	152290
銀魂 25	453112	2008	日常輕鬆	簡單派	0	0	集英社	週刊少年JUMP	0	少年	1	1	1	0	0	0	290	0.430555556	2	10863	152290
進擊的巨人9	1950807	2013	陰鬱現實	寫實派	0	0	講談社	別冊少年Magazine	1	少年	1	1	1	0	1	1	7	0.414686825	11	16033	151181
進擊的巨人10	1915976	2013	陰鬱現實	寫實派	0	0	講談社	別冊少年Magazine	1	少年	1	1	1	0	1	1	7	0.414686825	7	16033	151181
進擊的巨人11	1453879	2013	陰鬱現實	寫實派	0	0	講談社	別冊少年Magazine	1	少年	1	1	1	0	1	1	7	0.414686825	3	16033	151181
進擊的巨人8	1339845	2013	陰鬱現實	寫實派	0	0	講談社	別冊少年Magazine	1	少年	1	1	1	0	1	1	7	0.414686825	12	16033	151181
進擊的巨人1	1299048	2013	陰鬱現實	寫實派	0	0	講談社	別冊少年Magazine	1	少年	1	1	1	0	1	1	7	0.414686825	12	16033	151181
進擊的巨人2	1267129	2013	陰鬱現實	寫實派	0	0	講談社	別冊少年Magazine	1	少年	1	1	1	0	1	1	7	0.414686825	12	16033	151181
進擊的巨人7	1261251	2013	陰鬱現實	寫實派	0	0	講談社	別冊少年Magazine	1	少年	1	1	1	0	1	1	7	0.414686825	12	16033	151181
進擊的巨人3	1250663	2013	陰鬱現實	寫實派	0	0	講談社	別冊少年Magazine	1	少年	1	1	1	0	1	1	7	0.431965443	12	16033	151181
進擊的巨人6	1248339	2013	陰鬱現實	寫實派	0	0	講談社	別冊少年Magazine	1	少年	1	1	1	0	1	1	7	0.414686825	12	16033	151181
進擊的巨人5	1247333	2013	陰鬱現實	寫實派	0	0	講談社	別冊少年Magazine	1	少年	1	1	1	0	1	1	7	0.414686825	12	16033	151181
進擊的巨人4	1241299	2013	陰鬱現實	寫實派	0	0	講談社	別冊少年Magazine	1	少年	1	1	1	0	1	1	7	0.414686825	12	16033	151181
進擊的巨人3	895268	2011	陰鬱現實	寫實派	0	0	講談社	別冊少年Magazine	1	少年	1	0	0	0	1	1	7	0.431965443	11	16033	151181
進擊的巨人6	777445	2012	陰鬱現實	寫實派	0	0	講談社	別冊少年Magazine	1	少年	1	0	0	0	1	1	7	0.414686825	11	16033	151181
進擊的巨人4	772412	2011	陰鬱現實	寫實派	0	0	講談社	別冊少年Magazine	1	少年	1	0	0	0	1	1	7	0.414686825	7	16033	151181
進擊的巨人1	711765	2011	陰鬱現實	寫實派	0	0	講談社	別冊少年Magazine	1	少年	1	0	0	0	1	1	7	0.414686825	12	16033	151181
進擊的巨人5	695719	2011	陰鬱現實	寫實派	0	0	講談社	別冊少年Magazine	1	少年	1	0	0	0	1	1	7	0.414686825	3	16033	151181
進擊的巨人2	691030	2011	陰鬱現實	寫實派	0	0	講談社	別冊少年Magazine	1	少年	1	0	0	0	1	1	7	0.414686825	12	16033	151181
進擊的巨人7	690233	2012	陰鬱現實	寫實派	0	0	講談社	別冊少年Magazine	1	少年	1	0	0	0	1	1	7	0.414686825	7	16033	151181
進擊的巨人8	624020	2012	陰鬱現實	寫實派	0	0	講談社	別冊少年Magazine	1	少年	1	0	0	0	1	1	7	0.414686825	3	16033	151181
ONE PIECE 61	3382588	2011	熱血冒險	簡單派	0	0	集英社	週刊少年JUMP	0	少年	1	1	1	0	1	0	290	0.479166667	9	7121	90028
ONE PIECE 65	3336992	2012	熱血冒險	簡單派	0	0	集英社	週刊少年JUMP	0	少年	1	1	1	0	1	0	290	0.497685185	9	7121	90028
ONE PIECE 66	3320744	2012	熱血冒險	簡單派	0	0	集英社	週刊少年JUMP	0	少年	1	1	1	0	1	0	290	0.5	6	7121	90028
ONE PIECE 62	3207568	2011	熱血冒險	簡單派	0	0	集英社	週刊少年JUMP	0	少年	1	1	1	0	1	0	290	0.497685185	6	7121	90028
ONE PIECE 69	3147224	2013	熱血冒險	簡單派	0	0	集英社	週刊少年JUMP	0	少年	1	1	1	0	1	0	290	0.571759259	9	7121	90028
ONE PIECE 63	3073175	2011	熱血冒險	簡單派	0	0	集英社	週刊少年JUMP	0	少年	1	1	1	0	1	0	290	0.490740741	3	7121	90028
ONE PIECE 67	3044901	2012	熱血冒險	簡單派	0	0	集英社	週刊少年JUMP	0	少年	1	1	1	0	1	0	290	0.532407407	3	7121	90028
ONE PIECE 70	3039487	2013	熱血冒險	簡單派	0	0	集英社	週刊少年JUMP	0	少年	1	1	1	0	1	0	290	0.497685185	5	7121	90028
ONE PIECE 71	2890263	2013	熱血冒險	簡單派	0	0	集英社	週刊少年JUMP	0	少年	1	1	1	0	1	0	290	0.497685185	3	7121	90028
ONE PIECE 64	2652700	2011	熱血冒險	簡單派	0	0	集英社	週刊少年JUMP	0	少年	1	1	1	0	1	0	290	0.511574074	12	7121	90028
ONE PIECE 59	2593580	2010	熱血冒險	簡單派	0	0	集英社	週刊少年JUMP	0	少年	1	1	1	0	1	0	290	0.488425926	3	7121	90028
ONE PIECE 57	2578730	2010	熱血冒險	簡單派	0	0	集英社	週刊少年JUMP	0	少年	1	1	1	0	1	0	290	0.5	8	7121	90028
ONE PIECE 58	2557356	2010	熱血冒險	簡單派	0	0	集英社	週刊少年JUMP	0	少年	1	1	1	0	1	0	290	0.497685185	5	7121	90028
ONE PIECE 56	2480124	2010	熱血冒險	簡單派	0	0	集英社	週刊少年JUMP	0	少年	1	1	1	0	1	0	290	0.493055556	11	7121	90028
ONE PIECE 53	2057528	2009	熱血冒險	簡單派	0	0	集英社	週刊少年JUMP	0	少年	1	1	1	0	1	0	290	0.497685185	8	7121	90028
ONE PIECE 54	1963696	2009	熱血冒險	簡單派	0	0	集英社	週刊少年JUMP	0	少年	1	1	1	0	1	0	290	0.5	5	7121	90028
ONE PIECE 52	1952551	2009	熱血冒險	簡單派	0	0	集英社	週刊少年JUMP	0	少年	1	1	1	0	1	0	290	0.497685185	11	7121	90028
ONE PIECE 55	1810410	2009	熱血冒險	簡單派	0	0	集英社	週刊少年JUMP	0	少年	1	1	1	0	1	0	290	0.460648148	2	7121	90028
ONE PIECE 50	1678208	2008	熱血冒險	簡單派	0	0	集英社	週刊少年JUMP	0	少年	1	1	1	0	1	0	290	0.526829268	5	7121	90028
ONE PIECE 51	1646978	2008	熱血冒險	簡單派	0	0	集英社	週刊少年JUMP	0	少年	1	1	1	0	1	0	290	0.552380952	2	7121	90028
ONE PIECE 49	1544000	2008	熱血冒險	簡單派	0	0	集英社	週刊少年JUMP	0	少年	1	1	1	0	1	0	290	0.565853659	8	7121	90028
ONE PIECE 60	786660	2011	熱血冒險	簡單派	0	0	集英社	週刊少年JUMP	0	少年	1	1	1	0	1	0	290	0.5	12	7121	90028
ONE PIECE 68	728158	2013	熱血冒險	簡單派	0	0	集英社	週刊少年JUMP	0	少年	1	1	1	0	1	0	290	0.534722222	12	7121	90028
ONE PIECE 64	682057	2012	熱血冒險	簡單派	0	0	集英社	週刊少年JUMP	0	少年	1	1	1	0	1	0	290	0.511574074	12	7121	90028
ONE PIECE BLUE DEEP CHARACTERS WORLD	595550	2012	熱血冒險	簡單派	0	0	集英社	週刊少年JUMP	0	少年	1	1	1	0	1	0	290	0.413888889	8	7121	90028
ONE PIECE 59	572798	2011	熱血冒險	簡單派	0	0	集英社	週刊少年JUMP	0	少年	1	1	1	0	1	0	290	0.488425926	12	7121	90028
ONE PIECE 1	545045	2011	熱血冒險	簡單派	0	0	集英社	週刊少年JUMP	0	少年	1	1	1	0	1	0	290	0.491686461	12	7121	90028
ONE PIECE 55	536154	2010	熱血冒險	簡單派	0	0	集英社	週刊少年JUMP	0	少年	1	1	1	0	1	0	290	0.460648148	12	7121	90028
NARUTO 61	1281309	2012	熱血冒險	簡單派	0	0	集英社	週刊少年JUMP	0	少年	1	1	0	0	0	0	290	0.513888889	4	4465	73985
NARUTO 60	1266244	2012	熱血冒險	簡單派	0	0	集英社	週刊少年JUMP	0	少年	1	1	0	0	0	0	290	0.444444444	6	4465	73985
NARUTO 54	1229170	2011	熱血冒險	簡單派	0	0	集英社	週刊少年JUMP	0	少年	1	1	0	0	0	0	290	0.425925926	11	4465	73985
NARUTO 45	1222356	2009	熱血冒險	簡單派	0	0	集英社	週刊少年JUMP	0	少年	1	1	0	0	0	0	290	0.4375	9	4465	73985
NARUTO 49	1211849	2010	熱血冒險	簡單派	0	0	集英社	週刊少年JUMP	0	少年	1	1	0	0	0	0	290	0.425925926	10	4465	73985
NARUTO 63	1205558	2013	熱血冒險	簡單派	0	0	集英社	週刊少年JUMP	0	少年	1	1	0	0	0	0	290	0.430555556	11	4465	73985
NARUTO 50	1200432	2010	熱血冒險	簡單派	0	0	集英社	週刊少年JUMP	0	少年	1	1	0	0	0	0	290	0.435185185	8	4465	73985
NARUTO 52	1194176	2010	熱血冒險	簡單派	0	0	集英社	週刊少年JUMP	0	少年	1	1	0	0	0	0	290	0.472222222	3	4465	73985
NARUTO 59	1192100	2012	熱血冒險	簡單派	0	0	集英社	週刊少年JUMP	0	少年	1	1	0	0	0	0	290	0.435185185	9	4465	73985
NARUTO 43	1188881	2008	熱血冒險	簡單派	0	0	集英社	週刊少年JUMP	0	少年	1	1	0	0	0	0	290	0.551111111	3	4465	73985
NARUTO 47	1186478	2009	熱血冒險	簡單派	0	0	集英社	週刊少年JUMP	0	少年	1	1	0	0	0	0	290	0.435185185	3	4465	73985
NARUTO 64	1153948	2013	熱血冒險	簡單派	0	0	集英社	週刊少年JUMP	0	少年	1	1	0	0	0	0	290	0.430555556	7	4465	73985
NARUTO 51	1145107	2010	熱血冒險	簡單派	0	0	集英社	週刊少年JUMP	0	少年	1	1	0	0	0	0	290	0.435185185	7	4465	73985
NARUTO 55	1131672	2011	熱血冒險	簡單派	0	0	集英社	週刊少年JUMP	0	少年	1	1	0	0	0	0	290	0.439814815	7	4465	73985
NARUTO 46	1119917	2009	熱血冒險	簡單派	0	0	集英社	週刊少年JUMP	0	少年	1	1	0	0	0	0	290	0.4375	6	4465	73985
NARUTO 42	1092295	2008	熱血冒險	簡單派	0	0	集英社	週刊少年JUMP	0	少年	1	1	0	0	0	0	290	0.468292683	6	4465	73985
NARUTO 57	1090567	2011	熱血冒險	簡單派	0	0	集英社	週刊少年JUMP	0	少年	1	1	0	0	0	0	290	0.416666667	3	4465	73985
NARUTO 65	1088464	2013	熱血冒險	簡單派	0	0	集英社	週刊少年JUMP	0	少年	1	1	0	0	0	0	290	0.425925926	4	4465	73985
NARUTO 56	1060121	2011	熱血冒險	簡單派	0	0	集英社	週刊少年JUMP	0	少年	1	1	0	0	0	0	290	0.4375	5	4465	73985
NARUTO 62	1055220	2012	熱血冒險	簡單派	0	0	集英社	週刊少年JUMP	0	少年	1	1	0	0	0	0	290	0.439814815	1	4465	73985
NARUTO 66	1054934	2013	熱血冒險	簡單派	0	0	集英社	週刊少年JUMP	0	少年	1	1	0	0	0	0	290	0.430555556	2	4465	73985
NARUTO 41	707447	2008	熱血冒險	簡單派	0	0	集英社	週刊少年JUMP	0	少年	1	1	0	0	0	0	290	0.468292683	9	4465	73985
青之驅魔師 8	865836	2012	熱血冒險	白描派	1	0	集英社	Jump Square	1	少年	1	1	0	0	0	1	35	0.363636364	7	7684	52041
青之驅魔師 10	844790	2013	熱血冒險	白描派	1	0	集英社	Jump Square	1	少年	1	1	0	0	0	1	35	0.389006342	11	7684	52041
青之驅魔師 6	800037	2011	熱血冒險	白描派	1	0	集英社	Jump Square	1	少年	1	1	1	0	0	1	35	0.416490486	7	7684	52041
青之驅魔師 5	799496	2011	熱血冒險	白描派	1	0	集英社	Jump Square	1	少年	1	1	1	0	0	1	35	0.380549683	11	7684	52041
青之驅魔師 7	795573	2011	熱血冒險	白描派	1	0	集英社	Jump Square	1	少年	1	1	1	0	0	1	35	0.374207188	2	7684	52041
青之驅魔師 9	743381	2012	熱血冒險	白描派	1	0	集英社	Jump Square	1	少年	1	1	0	0	0	1	35	0.329809725	2	7684	52041
青之驅魔師 1	734548	2011	熱血冒險	白描派	1	0	集英社	Jump Square	1	少年	1	1	1	0	0	1	35	0.410147992	12	7684	52041
青之驅魔師 11	722087	2013	熱血冒險	白描派	1	0	集英社	Jump Square	1	少年	1	1	0	0	0	1	35	0.361522199	3	7684	52041
青之驅魔師 2	707824	2011	熱血冒險	白描派	1	0	集英社	Jump Square	1	少年	1	1	1	0	0	1	35	0.427061311	12	7684	52041
青之驅魔師 3	696169	2011	熱血冒險	白描派	1	0	集英社	Jump Square	1	少年	1	1	1	0	0	1	35	0.427061311	12	7684	52041
青之驅魔師 4	690065	2011	熱血冒險	白描派	1	0	集英社	Jump Square	1	少年	1	1	1	0	0	1	35	0.393234672	12	7684	52041
BLEACH 36	955085	2009	熱血冒險	白描派	0	0	集英社	週刊少年JUMP	0	少年	1	1	1	0	0	0	290	0.451388889	11	433	40437
BLEACH 37	944066	2009	熱血冒險	白描派	0	0	集英社	週刊少年JUMP	0	少年	1	1	1	0	0	0	290	0.493055556	9	433	40437
BLEACH 38	888622	2009	熱血冒險	白描派	0	0	集英社	週刊少年JUMP	0	少年	1	1	1	0	0	0	290	0.425925926	7	433	40437
BLEACH 34	874153	2008	熱血冒險	白描派	0	0	集英社	週刊少年JUMP	0	少年	1	1	1	0	0	0	290	0.494061758	4	433	40437
BLEACH 40	850059	2009	熱血冒險	白描派	0	0	集英社	週刊少年JUMP	0	少年	1	1	1	0	0	0	290	0.444444444	3	433	40437
BLEACH 48	845791	2011	熱血冒險	白描派	0	0	集英社	週刊少年JUMP	0	少年	1	1	1	0	0	0	290	0.483796296	11	433	40437
BLEACH 39	841028	2009	熱血冒險	白描派	0	0	集英社	週刊少年JUMP	0	少年	1	1	1	0	0	0	290	0.435185185	5	433	40437
BLEACH 42	822401	2010	熱血冒險	白描派	0	0	集英社	週刊少年JUMP	0	少年	1	1	1	0	0	0	290	0.4375	11	433	40437
BLEACH 33	802692	2008	熱血冒險	白描派	0	0	集英社	週刊少年JUMP	0	少年	1	1	1	0	0	0	290	0.427553444	7	433	40437
BLEACH 44	780241	2010	熱血冒險	白描派	0	0	集英社	週刊少年JUMP	0	少年	1	1	1	0	0	0	290	0.43287037	7	433	40437
BLEACH 45	769697	2010	熱血冒險	白描派	0	0	集英社	週刊少年JUMP	0	少年	1	1	1	0	0	0	290	0.430555556	5	433	40437
BLEACH 46	769271	2010	熱血冒險	白描派	0	0	集英社	週刊少年JUMP	0	少年	1	1	1	0	0	0	290	0.439814815	3	433	40437
BLEACH 43	760433	2010	熱血冒險	白描派	0	0	集英社	週刊少年JUMP	0	少年	1	1	1	0	0	0	290	0.449074074	9	433	40437
BLEACH 55	742823	2012	熱血冒險	白描派	0	0	集英社	週刊少年JUMP	0	少年	1	1	1	0	0	0	290	0.444444444	5	433	40437
BLEACH 41	738404	2009	熱血冒險	白描派	0	0	集英社	週刊少年JUMP	0	少年	1	1	1	0	0	0	290	0.444444444	1	433	40437
BLEACH 49	714990	2011	熱血冒險	白描派	0	0	集英社	週刊少年JUMP	0	少年	1	1	1	0	0	0	290	0.43287037	7	433	40437
BLEACH 47	690119	2010	熱血冒險	白描派	0	0	集英社	週刊少年JUMP	0	少年	1	1	1	0	0	0	290	0.428240741	1	433	40437
BLEACH 50	682527	2011	熱血冒險	白描派	0	0	集英社	週刊少年JUMP	0	少年	1	1	1	0	0	0	290	0.4375	5	433	40437
BLEACH 57	660646	2013	熱血冒險	白描派	0	0	集英社	週刊少年JUMP	0	少年	1	1	0	0	0	0	290	0.435185185	11	433	40437
BLEACH 54	653085	2012	熱血冒險	白描派	0	0	集英社	週刊少年JUMP	0	少年	1	1	1	0	0	0	290	0.472222222	8	433	40437
BLEACH 53	640938	2012	熱血冒險	白描派	0	0	集英社	週刊少年JUMP	0	少年	1	1	1	0	0	0	290	0.481481481	11	433	40437
BLEACH 58	639122	2013	熱血冒險	白描派	0	0	集英社	週刊少年JUMP	0	少年	1	1	0	0	0	0	290	0.474537037	8	433	40437
BLEACH 51	630847	2011	熱血冒險	白描派	0	0	集英社	週刊少年JUMP	0	少年	1	1	1	0	0	0	290	0.430555556	3	433	40437
BLEACH 59	627996	2013	熱血冒險	白描派	0	0	集英社	週刊少年JUMP	0	少年	1	1	0	0	0	0	290	0.435185185	5	433	40437
BLEACH 56	600915	2012	熱血冒險	白描派	0	0	集英社	週刊少年JUMP	0	少年	1	1	1	0	0	0	290	0.43287037	2	433	40437
BLEACH 52	574504	2011	熱血冒險	白描派	0	0	集英社	週刊少年JUMP	0	少年	1	1	1	0	0	0	290	0.416666667	1	433	40437
BLEACH 32	519631	2008	熱血冒險	白描派	0	0	集英社	週刊少年JUMP	0	少年	1	1	1	0	0	0	290	0.446555819	9	433	40437
HUNTER×HUNTER 31	1193383	2013	熱血冒險	簡單派	0	1	集英社	週刊少年JUMP	0	少年	1	1	1	0	1	0	290	0.479166667	11	1364	39036
HUNTER×HUNTER 32	1186245	2013	熱血冒險	簡單派	0	1	集英社	週刊少年JUMP	0	少年	1	1	1	0	1	0	290	0.453703704	11	1364	39036
HUNTER×HUNTER 30	1090309	2012	熱血冒險	簡單派	0	1	集英社	週刊少年JUMP	0	少年	1	1	1	0	1	0	290	0.479166667	7	1364	39036
HUNTER×HUNTER 29	1043782	2011	熱血冒險	簡單派	0	1	集英社	週刊少年JUMP	0	少年	1	1	1	0	1	0	290	0.474537037	3	1364	39036
HUNTER×HUNTER 28	1011766	2011	熱血冒險	簡單派	0	1	集英社	週刊少年JUMP	0	少年	1	1	1	0	1	0	290	0.469907407	4	1364	39036
HUNTER×HUNTER 27	941550	2010	熱血冒險	簡單派	0	1	集英社	週刊少年JUMP	0	少年	1	1	0	0	1	0	290	0.481481481	11	1364	39036
HUNTER×HUNTER 25	863240	2008	熱血冒險	簡單派	0	1	集英社	週刊少年JUMP	0	少年	1	1	0	0	1	0	290	0.507317073	8	1364	39036
JOJO利昂 1	534996	2012	熱血冒險	寫實派	0	1	集英社	週刊少年JUMP	1	青年	1	1	1	0	0	0	290	0.389006342	11	5435	38317
家庭教師 23	641155	2009	熱血冒險	白描派	1	0	集英社	週刊少年JUMP	0	少年	1	1	1	0	0	0	290	0.481481481	9	3329	31442
家庭教師 24	633052	2009	熱血冒險	白描派	1	0	集英社	週刊少年JUMP	0	少年	1	1	1	0	0	0	290	0.5	7	3329	31442
家庭教師 20	613934	2008	熱血冒險	白描派	1	0	集英社	週刊少年JUMP	0	少年	1	1	1	0	0	0	290	0.513064133	5	3329	31442
家庭教師 27	604235	2010	熱血冒險	白描派	1	0	集英社	週刊少年JUMP	0	少年	1	1	1	0	0	0	290	0.481481481	11	3329	31442
家庭教師 28	593897	2010	熱血冒險	白描派	1	0	集英社	週刊少年JUMP	0	少年	1	1	1	0	0	0	290	0.481481481	8	3329	31442
家庭教師 25	587871	2009	熱血冒險	白描派	1	0	集英社	週刊少年JUMP	0	少年	1	1	1	0	0	0	290	0.481481481	4	3329	31442
家庭教師 19	584411	2008	熱血冒險	白描派	1	0	集英社	週刊少年JUMP	0	少年	1	1	1	0	0	0	290	0.475059382	7	3329	31442
家庭教師 29	582651	2010	熱血冒險	白描派	1	0	集英社	週刊少年JUMP	0	少年	1	1	1	0	0	0	290	0.462962963	7	3329	31442
家庭教師 30	543878	2010	熱血冒險	白描派	1	0	集英社	週刊少年JUMP	0	少年	1	1	1	0	0	0	290	0.481481481	3	3329	31442
家庭教師 21	534739	2008	熱血冒險	白描派	1	0	集英社	週刊少年JUMP	0	少年	1	1	1	0	0	0	290	0.462962963	2	3329	31442
家庭教師 26	520281	2009	熱血冒險	白描派	1	0	集英社	週刊少年JUMP	0	少年	1	1	1	0	0	0	290	0.481481481	1	3329	31442
鋼之鍊金術師 25	1340772	2010	陰鬱現實	白描派	1	0	史克威爾	少年GANGAN	1	少年	1	1	1	0	1	0	15	0.44212963	7	2582	30612
鋼之鍊金術師 24	1298292	2010	陰鬱現實	白描派	1	0	史克威爾	少年GANGAN	1	少年	1	1	1	0	1	0	15	0.44212963	11	2582	30612
鋼之鍊金術師 23	1277733	2009	陰鬱現實	白描派	1	0	史克威爾	少年GANGAN	1	少年	1	1	1	0	1	0	15	0.446759259	3	2582	30612
鋼之鍊金術師 21	1271340	2009	陰鬱現實	白描派	1	0	史克威爾	少年GANGAN	1	少年	1	1	1	0	1	0	15	0.43287037	11	2582	30612
鋼之鍊金術師 22	1238354	2009	陰鬱現實	白描派	1	0	史克威爾	少年GANGAN	1	少年	1	1	1	0	1	0	15	0.423611111	7	2582	30612
鋼之鍊金術師 26	1214468	2010	陰鬱現實	白描派	1	0	史克威爾	少年GANGAN	1	少年	1	1	1	0	1	0	15	0.469907407	3	2582	30612
鋼之鍊金術師 27	1144295	2011	陰鬱現實	白描派	1	0	史克威爾	少年GANGAN	1	少年	1	1	0	0	1	0	15	0.481641469	12	2582	30612
鋼之鍊金術師 19	1081575	2008	陰鬱現實	白描派	1	0	史克威爾	少年GANGAN	1	少年	1	1	0	0	1	0	15	0.4375	8	2582	30612
鋼之鍊金術師 20	1032637	2008	陰鬱現實	白描派	1	0	史克威爾	少年GANGAN	1	少年	1	1	0	0	1	0	15	0.446759259	3	2582	30612
新世紀福音戰士 12	842674	2010	陰鬱現實	白描派	0	1	其他	少年Ace	1	青年	1	1	0	0	0	0	7	0.295867769	7	8423	23634
名偵探柯南 64	642263	2009	日常輕鬆	簡單派	0	1	其他	週刊少年Sunday	0	少年	0	1	1	1	0	0	60	0.414686825	7	1706	20405
名偵探柯南 61	626445	2008	日常輕鬆	簡單派	0	1	其他	週刊少年Sunday	0	少年	0	1	1	1	0	0	60	0.414686825	7	1706	20405
名偵探柯南 65	603223	2009	日常輕鬆	簡單派	0	1	其他	週刊少年Sunday	0	少年	0	1	1	1	0	0	60	0.414686825	3	1706	20405
名偵探柯南 67	591220	2010	日常輕鬆	簡單派	0	1	其他	週刊少年Sunday	0	少年	0	1	1	1	0	0	60	0.414686825	9	1706	20405
名偵探柯南 62	590947	2008	日常輕鬆	簡單派	0	1	其他	週刊少年Sunday	0	少年	0	1	1	1	0	0	60	0.397408207	3	1706	20405
名偵探柯南 74	565901	2012	日常輕鬆	簡單派	0	1	其他	週刊少年Sunday	0	少年	0	1	1	1	0	0	60	0.414686825	11	1706	20405
名偵探柯南 68	565657	2010	日常輕鬆	簡單派	0	1	其他	週刊少年Sunday	0	少年	0	1	1	1	0	0	60	0.414686825	6	1706	20405
名偵探柯南 71	559652	2011	日常輕鬆	簡單派	0	1	其他	週刊少年Sunday	0	少年	0	1	1	1	0	0	60	0.414686825	9	1706	20405
名偵探柯南 76	556179	2012	日常輕鬆	簡單派	0	1	其他	週刊少年Sunday	0	少年	0	1	1	1	0	0	60	0.414686825	5	1706	20405
名偵探柯南 69	544060	2010	日常輕鬆	簡單派	0	1	其他	週刊少年Sunday	0	少年	0	1	1	1	0	0	60	0.414686825	3	1706	20405
名偵探柯南 77	524328	2012	日常輕鬆	簡單派	0	1	其他	週刊少年Sunday	0	少年	0	1	1	1	0	0	60	0.414686825	2	1706	20405
驅魔少年 17	636506	2009	陰鬱現實	白描派	1	0	集英社	週刊少年JUMP	1	少年	1	1	0	0	0	0	290	0.435185185	11	908	18637
驅魔少年 15	632495	2008	陰鬱現實	白描派	1	0	集英社	週刊少年JUMP	0	少年	1	1	1	0	0	0	290	0.446555819	5	908	18637
驅魔少年 14	596850	2008	陰鬱現實	白描派	1	0	集英社	週刊少年JUMP	0	少年	1	1	1	0	0	0	290	0.425178147	8	908	18637
驅魔少年 16	578669	2008	陰鬱現實	白描派	1	0	集英社	週刊少年JUMP	0	少年	1	1	1	0	0	0	290	0.439814815	2	908	18637
驅魔少年 19	577093	2010	陰鬱現實	白描派	1	0	集英社	週刊少年JUMP	1	少年	1	1	0	0	0	0	290	0.410147992	11	908	18637
驅魔少年 21	555384	2011	陰鬱現實	白描派	1	0	集英社	週刊少年JUMP	1	少年	1	1	0	0	0	0	290	0.389006342	11	908	18637
驅魔少年 23	542903	2012	陰鬱現實	白描派	1	0	集英社	週刊少年JUMP	1	少年	1	1	0	0	0	0	290	0.405919662	7	908	18637
驅魔少年 20	528924	2010	陰鬱現實	白描派	1	0	集英社	週刊少年JUMP	1	少年	1	1	0	0	0	0	290	0.399577167	5	908	18637
驅魔少年 18	525802	2009	陰鬱現實	白描派	1	0	集英社	週刊少年JUMP	1	少年	1	1	0	0	0	0	290	0.444444444	5	908	18637
黑執事 8	664200	2010	陰鬱現實	白描派	1	0	史克威爾	月刊GFantasy	1	少年	1	1	1	0	0	1	5	0.281713344	12	1237	17324
黑執事 6	659512	2009	陰鬱現實	白描派	1	0	史克威爾	月刊GFantasy	1	少年	1	1	1	0	0	1	5	0.285008237	10	1237	17324
黑執事 13	638108	2012	陰鬱現實	白描派	1	0	史克威爾	月刊GFantasy	1	少年	1	1	0	0	0	1	5	0.273476112	12	1237	17324
黑執事 9	619211	2010	陰鬱現實	白描派	1	0	史克威爾	月刊GFantasy	1	少年	1	1	1	0	0	1	5	0.273476112	5	1237	17324
黑執事 7	616762	2009	陰鬱現實	白描派	1	0	史克威爾	月刊GFantasy	1	少年	1	1	1	0	0	1	5	0.270181219	5	1237	17324
黑執事 14	615540	2012	陰鬱現實	白描派	1	0	史克威爾	月刊GFantasy	1	少年	1	1	0	0	0	1	5	0.273476112	6	1237	17324
黑執事 11	595860	2011	陰鬱現實	白描派	1	0	史克威爾	月刊GFantasy	1	少年	1	1	0	0	0	1	5	0.242174629	9	1237	17324
黑執事 12	567400	2011	陰鬱現實	白描派	1	0	史克威爾	月刊GFantasy	1	少年	1	1	0	0	0	1	5	0.252059308	4	1237	17324
黑執事 10	555472	2010	陰鬱現實	白描派	1	0	史克威爾	月刊GFantasy	1	少年	1	1	1	0	0	1	5	0.273476112	2	1237	17324
黑執事 4	529210	2008	陰鬱現實	白描派	1	0	史克威爾	月刊GFantasy	1	少年	1	1	1	0	0	1	5	0.303079417	6	1237	17324
黑執事 5	468550	2008	陰鬱現實	白描派	1	0	史克威爾	月刊GFantasy	1	少年	1	1	1	0	0	1	5	0.289950577	2	1237	17324
王牌投手 13	541703	2010	熱血冒險	簡單派	1	0	講談社	月刊Afternoon	1	青年	0	1	1	0	1	0	10	0.401041667	11	1677	15419
王牌投手 14	539136	2010	熱血冒險	簡單派	1	0	講談社	月刊Afternoon	1	青年	0	1	1	0	1	0	10	0.365724382	7	1677	15419
王牌投手 10	534624	2008	熱血冒險	簡單派	1	0	講談社	月刊Afternoon	1	青年	0	1	0	0	1	0	10	0.416666667	6	1677	15419
王牌投手 12	514524	2009	熱血冒險	簡單派	1	0	講談社	月刊Afternoon	1	青年	0	1	0	0	1	0	10	0.373263889	5	1677	15419
魔導少年 30	586015	2012	熱血冒險	白描派	0	1	講談社	週刊少年Magazine	0	少年	1	1	1	0	0	0	200	0.42384106	11	272	12851
魔導少年 32	581767	2012	熱血冒險	白描派	0	1	講談社	週刊少年Magazine	0	少年	1	1	1	0	0	0	200	0.42384106	7	272	12851
魔導少年 25	570446	2011	熱血冒險	白描派	0	1	講談社	週刊少年Magazine	0	少年	1	1	1	0	0	0	200	0.42384106	9	272	12851
魔導少年 20	547010	2010	熱血冒險	白描派	0	1	講談社	週刊少年Magazine	0	少年	1	1	1	0	0	0	200	0.42384106	8	272	12851
魔導少年 21	528271	2010	熱血冒險	白描派	0	1	講談社	週刊少年Magazine	0	少年	1	1	1	0	0	0	200	0.42384106	6	272	12851
暗殺教室 2	910006	2013	日常輕鬆	白描派	0	1	集英社	週刊少年JUMP	0	少年	1	0	0	0	0	1	290	0.451388889	11	514	6745
暗殺教室 3	827464	2013	日常輕鬆	白描派	0	1	集英社	週刊少年JUMP	0	少年	1	0	0	0	0	1	290	0.400462963	8	514	6745
暗殺教室 4	777352	2013	日常輕鬆	白描派	0	1	集英社	週刊少年JUMP	0	少年	1	0	0	0	0	1	290	0.444444444	6	514	6745
暗殺教室 1	756451	2013	日常輕鬆	白描派	0	1	集英社	週刊少年JUMP	0	少年	1	0	0	0	0	1	290	0.425925926	12	514	6745
暗殺教室 5	706051	2013	日常輕鬆	白描派	0	1	集英社	週刊少年JUMP	0	少年	1	0	0	0	0	1	290	0.444444444	4	514	6745
暗殺教室 6	623213	2013	日常輕鬆	白描派	0	1	集英社	週刊少年JUMP	0	少年	1	0	0	0	0	1	290	0.444444444	1	514	6745
四葉妹妹 12	705360	2013	日常輕鬆	簡單派	0	1	其他	月刊Comic電擊大王	1	少年	0	0	0	0	1	0	10	0.310185185	8	0	5152
四葉妹妹 11	647556	2012	日常輕鬆	簡單派	0	1	其他	月刊Comic電擊大王	1	少年	0	0	0	0	1	0	10	0.345679012	12	0	5152
四葉妹妹 10	610555	2011	日常輕鬆	簡單派	0	1	其他	月刊Comic電擊大王	1	少年	0	0	0	0	1	0	10	0.345679012	12	0	5152
四葉妹妹 9	548732	2010	日常輕鬆	簡單派	0	1	其他	月刊Comic電擊大王	1	少年	0	0	0	0	1	0	10	0.345679012	12	0	5152
四葉妹妹 8	452793	2008	日常輕鬆	簡單派	0	1	其他	月刊Comic電擊大王	1	少年	0	0	0	0	1	0	10	0.330246914	3	0	5152
聖哥傳 6	1009965	2011	日常輕鬆	白描派	1	1	講談社	Morning Two	1	青年	0	0	0	0	1	1	3	0.22147651	11	371	3768
聖哥傳 8	946531	2013	日常輕鬆	白描派	1	1	講談社	Morning Two	1	青年	0	0	0	0	1	1	3	0.204283361	11	371	3768
聖哥傳 5	895784	2010	日常輕鬆	白描派	1	1	講談社	Morning Two	1	青年	0	0	0	0	1	1	3	0.214765101	6	371	3768
聖哥傳 3	879612	2009	日常輕鬆	白描派	1	1	講談社	Morning Two	1	青年	0	0	0	0	1	1	3	0.214765101	8	371	3768
聖哥傳 7	824872	2011	日常輕鬆	白描派	1	1	講談社	Morning Two	1	青年	0	0	0	0	1	1	3	0.207578254	1	371	3768
聖哥傳 9	723550	2013	日常輕鬆	白描派	1	1	講談社	Morning Two	1	青年	0	0	0	0	1	1	3	0.217462932	3	371	3768
聖哥傳 4	692649	2009	日常輕鬆	白描派	1	1	講談社	Morning Two	1	青年	0	0	0	0	1	1	3	0.214765101	1	371	3768
聖哥傳 1	547499	2009	日常輕鬆	白描派	1	1	講談社	Morning Two	1	青年	0	0	0	0	1	1	3	0.224832215	12	371	3768
聖哥傳 2	494509	2009	日常輕鬆	白描派	1	1	講談社	Morning Two	1	青年	0	0	0	0	1	1	3	0.218120805	12	371	3768
爆漫王 11	616827	2011	日常輕鬆	白描派	0	1	集英社	週刊少年JUMP	0	少年	0	1	1	0	1	1	290	0.414351852	11	72	2988
爆漫王 13	573031	2011	日常輕鬆	白描派	0	1	集英社	週刊少年JUMP	0	少年	0	1	1	0	1	1	290	0.356481481	5	72	2988
爆漫王 16	571291	2012	日常輕鬆	白描派	0	1	集英社	週刊少年JUMP	0	少年	0	1	1	0	1	1	290	0.421296296	10	72	2988
爆漫王 12	566355	2011	日常輕鬆	白描派	0	1	集英社	週刊少年JUMP	0	少年	0	1	1	0	1	1	290	0.449074074	8	72	2988
爆漫王 17	548148	2012	日常輕鬆	白描派	0	1	集英社	週刊少年JUMP	0	少年	0	1	1	0	1	1	290	0.400462963	8	72	2988
爆漫王 14	547792	2011	日常輕鬆	白描派	0	1	集英社	週刊少年JUMP	0	少年	0	1	1	0	1	1	290	0.430555556	3	72	2988
爆漫王 18	534838	2012	日常輕鬆	白描派	0	1	集英社	週刊少年JUMP	0	少年	0	1	1	0	1	1	290	0.435185185	6	72	2988
只想告訴你 15	1242035	2012	戀愛故事	可愛派	1	0	集英社	別冊Margaret	1	少女	0	1	0	1	1	0	25	0.425925926	10	0	2080
只想告訴你 13	1228692	2011	戀愛故事	可愛派	1	0	集英社	別冊Margaret	1	少女	0	1	1	1	1	0	25	0.407407407	8	0	2080
只想告訴你 16	1212883	2012	戀愛故事	可愛派	1	0	集英社	別冊Margaret	1	少女	0	1	0	1	1	0	25	0.430555556	6	0	2080
只想告訴你 14	1189589	2011	戀愛故事	可愛派	1	0	集英社	別冊Margaret	1	少女	0	1	1	1	1	0	25	0.407407407	2	0	2080
只想告訴你 18	1152347	2013	戀愛故事	可愛派	1	0	集英社	別冊Margaret	1	少女	0	1	0	1	1	0	25	0.321759259	10	0	2080
只想告訴你 10	1148150	2010	戀愛故事	可愛派	1	0	集英社	別冊Margaret	1	少女	0	1	1	1	1	0	25	0.405092593	10	0	2080
只想告訴你 11	1134992	2010	戀愛故事	可愛派	1	0	集英社	別冊Margaret	1	少女	0	1	1	1	1	0	25	0.425925926	5	0	2080
只想告訴你 17	1088947	2012	戀愛故事	可愛派	1	0	集英社	別冊Margaret	1	少女	0	1	0	1	1	0	25	0.425925926	2	0	2080
只想告訴你 12	1083258	2010	戀愛故事	可愛派	1	0	集英社	別冊Margaret	1	少女	0	1	1	1	1	0	25	0.444444444	2	0	2080
只想告訴你 19	1069793	2013	戀愛故事	可愛派	1	0	集英社	別冊Margaret	1	少女	0	1	0	1	1	0	25	0.347222222	5	0	2080
只想告訴你 20	847264	2013	戀愛故事	可愛派	1	0	集英社	別冊Margaret	1	少女	0	1	0	1	1	0	25	0.222222222	1	0	2080
只想告訴你 8	790656	2009	戀愛故事	可愛派	1	0	集英社	別冊Margaret	1	少女	0	1	1	0	1	0	25	0.381944444	12	0	2080
只想告訴你 9	741831	2009	戀愛故事	可愛派	1	0	集英社	別冊Margaret	1	少女	0	1	1	0	1	0	25	0.430555556	2	0	2080
只想告訴你 7	649089	2008	戀愛故事	可愛派	1	0	集英社	別冊Margaret	1	少女	0	0	0	0	1	0	25	0.413301663	4	0	2080
只想告訴你 6	636176	2008	戀愛故事	可愛派	1	0	集英社	別冊Margaret	1	少女	0	0	0	0	1	0	25	0.420427553	8	0	2080
火星任務 3	679880	2013	陰鬱現實	寫實派	0	0	集英社	周刊YOUNG JUMP	0	青年	1	0	0	0	0	1	70	0.34954955	11	22	1808
×××HOLiC　14	488106	2009	陰鬱現實	簡單派	1	1	講談社	週刊Young Magazine	0	少年	0	1	0	0	0	0	80	0.266068759	9	99	1344
×××HOLiC　13	451942	2008	陰鬱現實	簡單派	1	1	講談社	週刊Young Magazine	0	少年	0	1	1	0	0	0	80	0.269058296	5	99	1344
銀之匙 6	941090	2013	日常輕鬆	白描派	1	1	其他	週刊少年Sunday	0	少年	0	1	1	0	0	1	60	0.410596026	10	99	1144
銀之匙 2	813989	2012	日常輕鬆	白描派	1	1	其他	週刊少年Sunday	0	少年	0	0	0	0	0	1	60	0.42384106	11	99	1144
銀之匙 7	807784	2013	日常輕鬆	白描派	1	1	其他	週刊少年Sunday	0	少年	0	1	1	0	0	1	60	0.375275938	7	99	1144
銀之匙 8	777352	2013	日常輕鬆	白描派	1	1	其他	週刊少年Sunday	0	少年	0	1	1	0	0	1	60	0.410596026	4	99	1144
銀之匙 3	710387	2012	日常輕鬆	白描派	1	1	其他	週刊少年Sunday	0	少年	0	0	0	0	0	1	60	0.42384106	7	99	1144
銀之匙 9	692756	2013	日常輕鬆	白描派	1	1	其他	週刊少年Sunday	0	少年	0	1	1	0	0	1	60	0.410596026	1	99	1144
銀之匙 4	673210	2012	日常輕鬆	白描派	1	1	其他	週刊少年Sunday	0	少年	0	0	0	0	0	1	60	0.410596026	4	99	1144
銀之匙 1	561466	2012	日常輕鬆	白描派	1	1	其他	週刊少年Sunday	0	少年	0	0	0	0	0	1	60	0.42384106	12	99	1144
銀之匙 5	526022	2012	日常輕鬆	白描派	1	1	其他	週刊少年Sunday	0	少年	0	0	0	0	0	1	60	0.410596026	1	99	1144
櫻蘭高校男公關部　12	513007	2008	戀愛故事	簡單派	1	0	其他	LaLa	1	少女	0	1	0	0	0	0	15	0.310185185	7	42	1040
櫻蘭高校男公關部　13	496388	2008	戀愛故事	簡單派	1	0	其他	LaLa	1	少女	0	1	0	0	0	0	15	0.428240741	2	42	1040
櫻蘭高校男公關部　14	480711	2009	戀愛故事	簡單派	1	0	其他	LaLa	1	少女	0	1	0	0	0	0	15	0.400462963	6	42	1040
玻璃的假面 43	586978	2009	熱血冒險	可愛派	1	0	其他	花與夢	0	少女	0	1	0	1	0	0	20	0.4375	10	0	699
浪人劍客　28	630147	2008	陰鬱現實	寫實派	0	1	集英社	Morning	0	青年	1	0	0	0	0	0	30	0.348122867	6	0	610
浪人劍客 29	601347	2009	陰鬱現實	寫實派	0	1	集英社	Morning	0	青年	1	0	0	0	0	0	30	0.33105802	12	0	610
浪人劍客 30	556422	2009	陰鬱現實	寫實派	0	1	集英社	Morning	0	青年	1	0	0	0	0	0	30	0.351535836	6	0	610
浪人劍客 33	546928	2010	陰鬱現實	寫實派	0	1	集英社	Morning	0	青年	1	0	0	0	0	0	30	0.358361775	6	0	610
浪人劍客 32	531560	2010	陰鬱現實	寫實派	0	1	集英社	Morning	0	青年	1	0	0	0	0	0	30	0.365187713	10	0	610
浪人劍客 31	511065	2009	陰鬱現實	寫實派	0	1	集英社	Morning	0	青年	1	0	0	0	0	0	30	0.348122867	2	0	610
交響情人夢　23	1241997	2010	戀愛故事	簡單派	1	1	講談社	Kiss	1	輕熟女	0	1	1	1	1	0	15	0.375809935	12	0	384
交響情人夢　20	1209551	2008	戀愛故事	簡單派	1	1	講談社	Kiss	1	輕熟女	0	1	1	1	1	0	15	0.430555556	8	0	384
交響情人夢　21	1205037	2008	戀愛故事	簡單派	1	1	講談社	Kiss	1	輕熟女	0	1	1	1	1	0	15	0.406181015	3	0	384
交響情人夢　22	1184722	2009	戀愛故事	簡單派	1	1	講談社	Kiss	1	輕熟女	0	1	0	1	1	0	15	0.417218543	3	0	384
交響情人夢　25	1000071	2011	戀愛故事	簡單派	1	1	講談社	Kiss	1	輕熟女	0	1	0	1	1	0	15	0.38012959	11	0	384
交響情人夢　24	968112	2010	戀愛故事	簡單派	1	1	講談社	Kiss	1	輕熟女	0	1	1	1	1	0	15	0.388520971	7	0	384
重金搖滾雙面人 5	432563	2008	日常輕鬆	簡單派	0	0	其他	Young Animal	0	青年	0	0	0	1	1	1	15	0.396330275	8	0	297
重金搖滾雙面人 6	393068	2008	日常輕鬆	簡單派	0	0	其他	Young Animal	0	青年	0	0	0	1	1	1	15	0.396330275	3	0	297
羅馬浴場 4	721456	2012	日常輕鬆	簡單派	1	0	其他	Comic Beam	1	青年	0	1	1	1	1	1	3	0.264305177	11	0	169
羅馬浴場 1	585862	2010	日常輕鬆	簡單派	1	0	其他	Comic Beam	1	青年	0	0	0	0	1	1	3	0.247956403	12	0	169
羅馬浴場 5	521929	2012	日常輕鬆	簡單派	1	0	其他	Comic Beam	1	青年	0	1	1	1	1	1	3	0.264305177	2	0	169
REAL 10	578105	2011	熱血冒險	寫實派	0	1	集英社	周刊YOUNG JUMP	1	青年	0	0	0	0	0	0	70	0.319444444	12	0	100
REAL 9	567217	2010	熱血冒險	寫實派	0	1	集英社	周刊YOUNG JUMP	1	青年	0	0	0	0	0	0	70	0.333333333	12	0	100
流星花園 37	815648	2008	戀愛故事	可愛派	1	0	集英社	Margaret	0	少女	0	1	0	1	0	0	8	0.387173397	5	0	91
PLUTO 7	641606	2009	陰鬱現實	寫實派	0	1	其他	Big Comic Original	0	青年	1	0	0	0	1	0	70	0.340989399	9	0	79
PLUTO　6	631968	2008	陰鬱現實	寫實派	0	1	其他	Big Comic Original	0	青年	1	0	0	0	1	0	70	0.333922261	4	0	79
PLUTO 8	574661	2009	陰鬱現實	寫實派	0	1	其他	Big Comic Original	0	青年	1	0	0	0	1	0	70	0.404388715	5	0	79
我們的存在 16	584477	2012	戀愛故事	可愛派	1	0	其他	Betsucomi	1	少女	0	1	0	1	0	0	10	0.395143488	8	0	40
三月的獅子 7	635166	2012	日常輕鬆	可愛派	1	1	其他	Young Animal	0	青年	0	0	0	0	1	1	15	0.28952381	8	0	24
三月的獅子 5	606129	2011	日常輕鬆	可愛派	1	1	其他	Young Animal	0	青年	0	0	0	0	1	1	15	0.373333333	12	0	24
三月的獅子 6	581037	2011	日常輕鬆	可愛派	1	1	其他	Young Animal	0	青年	0	0	0	0	1	1	15	0.2	4	0	24
三月的獅子 2	508124	2009	日常輕鬆	可愛派	1	1	其他	Young Animal	0	青年	0	0	0	0	1	1	15	0.373333333	12	0	24
三月的獅子 3	496962	2009	日常輕鬆	可愛派	1	1	其他	Young Animal	0	青年	0	0	0	0	1	1	15	0.373333333	3	0	24
NANA 19	1645128	2008	陰鬱現實	寫實派	1	1	集英社	Cookie	1	少女	0	1	0	1	1	0	15	0.418981481	6	0	6
NANA 21	1505575	2009	陰鬱現實	寫實派	1	1	集英社	Cookie	1	少女	0	1	0	1	1	0	15	0.423611111	8	0	6
NANA 20	1431335	2008	陰鬱現實	寫實派	1	1	集英社	Cookie	1	少女	0	1	0	1	1	0	15	0.407407407	2	0	6
在下?本 1	896968	2013	日常輕鬆	寫實派	1	0	其他	Harta	1	青年	0	0	0	0	0	0	2	0.262686567	10	0	1
